Optimal - objective value -171.91958000
     16 squad[5,7]                                    1                       0
     17 squad[5,8]                                    1                       0
     18 squad[5,9]                                    1                       0
     19 squad[5,10]                                   1                       0
     68 squad[19,7]                                   1                       0
     72 squad[20,7]                                   1                       0
     73 squad[20,8]                                   1                       0
     74 squad[20,9]                                   1                       0
     75 squad[20,10]                                  1                       0
    137 squad[36,8]                                   1                       0
    138 squad[36,9]                                   1                       0
    139 squad[36,10]                                  1                       0
    231 squad[60,10]                                  1                       0
    476 squad[108,7]                                  1                       0
    477 squad[108,8]                                  1                       0
    478 squad[108,9]                                  1                       0
    479 squad[108,10]                                 1                       0
    812 squad[596,7]                                  1                       0
    813 squad[596,8]                                  1                       0
    814 squad[596,9]                                  1                       0
    815 squad[596,10]                                 1                       0
    968 squad[216,7]                                  1                       0
    969 squad[216,8]                                  1                       0
    970 squad[216,9]                                  1                       0
    971 squad[216,10]                                 1                       0
   1515 squad[308,10]                                 1                       0
   1616 squad[326,7]                                  1                       0
   1617 squad[326,8]                                  1                       0
   1618 squad[326,9]                                  1                       0
   1619 squad[326,10]                                 1                       0
   1760 squad[350,7]                                  1                       0
   1776 squad[355,7]                                  1                       0
   1777 squad[355,8]                                  1                       0
   1778 squad[355,9]                                  1                       0
   1856 squad[373,7]                                  1                       0
   1857 squad[373,8]                                  1                       0
   1858 squad[373,9]                                  1                       0
   1872 squad[377,7]                                  1                       0
   1873 squad[377,8]                                  1                       0
   1874 squad[377,9]                                  1                       0
   1875 squad[377,10]                                 1                       0
   1936 squad[396,7]                                  1                       0
   1937 squad[396,8]                                  1                       0
   1938 squad[396,9]                                  1                       0
   1939 squad[396,10]                                 1                       0
   2112 squad[430,7]                                  1                       0
   2113 squad[430,8]                                  1                       0
   2114 squad[430,9]                                  1                       0
   2115 squad[430,10]                                 1                       0
   2156 squad[28,7]                                   1                       0
   2157 squad[28,8]                                   1                       0
   2158 squad[28,9]                                   1                       0
   2159 squad[28,10]                                  1                       0
   2360 squad[33,7]                                   1                       0
   2361 squad[33,8]                                   1                       0
   2362 squad[33,9]                                   1                       0
   2363 squad[33,10]                                  1                       0
   2593 squad[516,8]                                  1                       0
   2594 squad[516,9]                                  1                       0
   2595 squad[516,10]                                 1                       0
   2902 lineup[5,10]                                  1                   -4.03
   2944 lineup[20,10]                                 1                    -4.3
   2990 lineup[36,8]                                  1                   -3.64
   2991 lineup[36,9]                                  1                   -3.43
   2992 lineup[36,10]                                 1                   -4.63
   3061 lineup[60,10]                                 1                    -5.6
   3245 lineup[108,8]                                 1                   -4.05
   3246 lineup[108,9]                                 1                   -5.57
   3247 lineup[108,10]                                1                   -3.72
   3497 lineup[596,8]                                 1                   -3.18
   3498 lineup[596,9]                                 1                    -3.2
   3499 lineup[596,10]                                1                   -3.26
   3614 lineup[216,8]                                 1                   -4.68
   3615 lineup[216,9]                                 1                   -3.58
   3616 lineup[216,10]                                1                    -4.4
   4024 lineup[308,10]                                1                   -6.82
   4100 lineup[326,8]                                 1                    -3.3
   4220 lineup[355,8]                                 1                   -4.99
   4221 lineup[355,9]                                 1                   -7.28
   4280 lineup[373,8]                                 1                   -5.41
   4281 lineup[373,9]                                 1                   -5.53
   4292 lineup[377,8]                                 1                   -3.98
   4293 lineup[377,9]                                 1                   -3.97
   4340 lineup[396,8]                                 1                   -5.45
   4341 lineup[396,9]                                 1                   -5.46
   4342 lineup[396,10]                                1                   -3.93
   4472 lineup[430,8]                                 1                   -3.88
   4473 lineup[430,9]                                 1                   -4.94
   4474 lineup[430,10]                                1                   -4.25
   4659 lineup[33,9]                                  1                   -3.29
   4832 lineup[516,8]                                 1                   -6.44
   4833 lineup[516,9]                                 1                      -6
   4834 lineup[516,10]                                1                   -4.89
   6190 captain[308,10]                               1                   -6.82
   6387 captain[355,9]                                1                   -7.28
   6998 captain[516,8]                                1                   -6.44
   7393 vicecap[60,10]                                1                   -0.56
   8672 vicecap[396,8]                                1                  -0.545
   9165 vicecap[516,9]                                1                    -0.6
   9437 bench[5,8,3]                                  1                -0.00486
   9441 bench[5,9,3]                                  1                -0.00558
   9604 bench[20,8,2]                                 1                 -0.1596
   9608 bench[20,9,2]                                 1                 -0.1758
  14239 bench[326,9,1]                                1                 -0.6783
  14243 bench[326,10,1]                               1                  -0.588
  15013 bench[377,10,3]                               1                -0.00474
  15854 bench[28,8,0]                                 1                 -0.0693
  15858 bench[28,9,0]                                 1                 -0.0597
  15862 bench[28,10,0]                                1                 -0.0318
  16467 bench[33,8,1]                                 1                 -0.6657
  16476 bench[33,10,2]                                1                 -0.1512
  18152 transfer_in[36,8]                             1                       0
  18223 transfer_in[60,10]                            1                       0
  19186 transfer_in[308,10]                           1                       0
  19994 transfer_in[516,8]                            1                       0
  20267 transfer_out[19,8]                            1                       0
  21536 transfer_out[350,8]                           1                       0
  21550 transfer_out[355,10]                          1                       0
  21610 transfer_out[373,10]                          1                       0
  22382 itb[7]                                      0.5                       0
  22383 itb[8]                                      0.4                       0
  22384 itb[9]                                      0.4                       0
  22385 itb[10]                                     2.3                       0
  22386 ft[7]                                         1                       0
  22387 ft[8]                                         1                       0
  22388 ft[9]                                         1                       0
  22389 ft[10]                                        2                       0
  22390 pt[8]                                         1                       4
  22395 aux[10]                                       1                       0
