Optimal - objective value -59.61868600
      8 squad[5,1]                                   1                       0
      9 squad[5,2]                                   1                       0
     36 squad[19,1]                                  1                       0
     37 squad[19,2]                                  1                       0
     38 squad[20,1]                                  1                       0
     39 squad[20,2]                                  1                       0
     70 squad[33,1]                                  1                       0
     71 squad[33,2]                                  1                       0
    234 squad[108,1]                                 1                       0
    235 squad[108,2]                                 1                       0
    278 squad[131,1]                                 1                       0
    279 squad[131,2]                                 1                       0
    310 squad[148,1]                                 1                       0
    311 squad[148,2]                                 1                       0
    450 squad[206,1]                                 1                       0
    451 squad[206,2]                                 1                       0
    458 squad[211,1]                                 1                       0
    459 squad[211,2]                                 1                       0
    673 squad[294,2]                                 1                       0
    824 squad[355,1]                                 1                       0
    825 squad[355,2]                                 1                       0
    864 squad[373,1]                                 1                       0
    908 squad[396,1]                                 1                       0
    909 squad[396,2]                                 1                       0
    912 squad[398,1]                                 1                       0
    913 squad[398,2]                                 1                       0
   1002 squad[28,1]                                  1                       0
   1003 squad[28,2]                                  1                       0
   1184 squad[509,1]                                 1                       0
   1185 squad[509,2]                                 1                       0
   1334 lineup[5,2]                                  1               -3.703381
   1348 lineup[19,2]                                 1               -5.064331
   1349 lineup[20,2]                                 1                   -4.01
   1447 lineup[108,2]                                1               -4.377558
   1469 lineup[131,2]                                1               -3.944571
   1559 lineup[211,2]                                1                -4.20717
   1666 lineup[294,2]                                1               -7.167362
   1742 lineup[355,2]                                1               -5.665976
   1784 lineup[396,2]                                1               -4.845351
   1831 lineup[28,2]                                 1               -3.913444
   1922 lineup[509,2]                                1               -4.151042
   2331 captain[294,2]                               1               -7.167362
   3072 vicecap[355,2]                               1               -0.566598
   3467 bench[33,2,2]                                1               -0.097642
   3945 bench[148,2,0]                               1               -0.103108
   4228 bench[206,2,3]                               1                       0
   5150 bench[398,2,1]                               1                -0.63379
   6321 transfer_in[294,2]                           1                       0
   7082 transfer_out[373,2]                          1                       0
   7315 itb[1]                                     0.5                       0
   7316 itb[2]                                       1                       0
   7317 ft[1]                                        1                       0
   7318 ft[2]                                        1                       0
