Optimal - objective value -179.64803873
     68 squad[19,16]                                  1                       0
     69 squad[19,17]                                  1                       0
     70 squad[19,18]                                  1                       0
     71 squad[19,19]                                  1                       0
    532 squad[106,16]                                 1                       0
    533 squad[106,17]                                 1                       0
    534 squad[106,18]                                 1                       0
    535 squad[106,19]                                 1                       0
    820 squad[160,16]                                 1                       0
    821 squad[160,17]                                 1                       0
    822 squad[160,18]                                 1                       0
    823 squad[160,19]                                 1                       0
   1172 squad[346,16]                                 1                       0
   1173 squad[346,17]                                 1                       0
   1174 squad[346,18]                                 1                       0
   1175 squad[346,19]                                 1                       0
   1248 squad[254,16]                                 1                       0
   1249 squad[254,17]                                 1                       0
   1250 squad[254,18]                                 1                       0
   1251 squad[254,19]                                 1                       0
   1324 squad[548,16]                                 1                       0
   1325 squad[548,17]                                 1                       0
   1326 squad[548,18]                                 1                       0
   1327 squad[548,19]                                 1                       0
   1522 squad[283,18]                                 1                       0
   1523 squad[283,19]                                 1                       0
   1531 squad[285,19]                                 1                       0
   1572 squad[297,16]                                 1                       0
   1573 squad[297,17]                                 1                       0
   1574 squad[297,18]                                 1                       0
   1575 squad[297,19]                                 1                       0
   1648 squad[306,16]                                 1                       0
   1649 squad[306,17]                                 1                       0
   1650 squad[306,18]                                 1                       0
   1676 squad[314,16]                                 1                       0
   1677 squad[314,17]                                 1                       0
   1692 squad[318,16]                                 1                       0
   1693 squad[318,17]                                 1                       0
   1694 squad[318,18]                                 1                       0
   1695 squad[318,19]                                 1                       0
   1780 squad[335,16]                                 1                       0
   1781 squad[335,17]                                 1                       0
   1782 squad[335,18]                                 1                       0
   1783 squad[335,19]                                 1                       0
   1909 squad[356,17]                                 1                       0
   1910 squad[356,18]                                 1                       0
   1911 squad[356,19]                                 1                       0
   1912 squad[357,16]                                 1                       0
   1913 squad[357,17]                                 1                       0
   1914 squad[357,18]                                 1                       0
   1915 squad[357,19]                                 1                       0
   2304 squad[427,16]                                 1                       0
   2452 squad[461,16]                                 1                       0
   2453 squad[461,17]                                 1                       0
   2454 squad[461,18]                                 1                       0
   2455 squad[461,19]                                 1                       0
   2568 squad[484,16]                                 1                       0
   2569 squad[484,17]                                 1                       0
   2570 squad[484,18]                                 1                       0
   2571 squad[484,19]                                 1                       0
   2719 lineup[19,17]                                 1               -4.928443
   2721 lineup[19,19]                                 1               -4.792994
   3067 lineup[106,17]                                1               -3.773922
   3069 lineup[106,19]                                1               -3.748167
   3283 lineup[160,17]                                1               -5.461723
   3284 lineup[160,18]                                1               -3.982061
   3285 lineup[160,19]                                1               -3.277675
   3548 lineup[346,18]                                1               -3.143317
   3604 lineup[254,17]                                1               -3.622438
   3605 lineup[254,18]                                1               -3.410108
   3606 lineup[254,19]                                1               -3.724926
   3809 lineup[283,18]                                1               -6.910675
   3810 lineup[283,19]                                1               -7.666556
   3816 lineup[285,19]                                1               -4.919797
   3847 lineup[297,17]                                1               -4.053971
   3848 lineup[297,18]                                1               -5.054082
   3849 lineup[297,19]                                1               -4.729212
   3904 lineup[306,17]                                1               -4.639335
   3905 lineup[306,18]                                1               -5.999591
   3925 lineup[314,17]                                1                -5.33871
   3937 lineup[318,17]                                1               -7.348474
   3938 lineup[318,18]                                1               -7.743548
   3939 lineup[318,19]                                1               -3.909513
   4003 lineup[335,17]                                1               -4.443153
   4004 lineup[335,18]                                1               -3.445759
   4005 lineup[335,19]                                1               -3.338741
   4099 lineup[356,17]                                1               -5.448874
   4100 lineup[356,18]                                1               -6.006798
   4101 lineup[356,19]                                1               -4.014698
   4102 lineup[357,17]                                1               -3.756296
   4103 lineup[357,18]                                1               -4.196679
   4508 lineup[461,18]                                1               -3.299987
   4509 lineup[461,19]                                1               -2.710962
   5811 captain[283,19]                               1               -7.666556
   5938 captain[318,17]                               1               -7.348474
   5939 captain[318,18]                               1               -7.743548
   7285 vicecap[160,17]                               1              -0.5461723
   7811 vicecap[283,18]                               1              -0.6910675
   7818 vicecap[285,19]                               1              -0.4919797
   8880 bench[19,18,1]                                1              -0.6074542
  10273 bench[106,18,2]                               1              -0.1587927
  12188 bench[346,17,1]                               1              -0.5957353
  12196 bench[346,19,1]                               1              -0.6337495
  12643 bench[548,17,0]                               1            0.0005493676
  12647 bench[548,18,0]                               1            -0.001719352
  12651 bench[548,19,0]                               1             -0.01486089
  14418 bench[357,19,3]                               1            -0.003411642
  16030 bench[461,17,3]                               1            -0.003379264
  16377 bench[484,17,2]                               1              -0.1581045
  16382 bench[484,18,3]                               1            -0.004751148
  16385 bench[484,19,2]                               1              -0.1376471
  17816 transfer_in[283,18]                           1                       0
  17823 transfer_in[285,19]                           1                       0
  18106 transfer_in[356,17]                           1                       0
  19914 transfer_out[306,19]                          1                       0
  19934 transfer_out[314,18]                          1                       0
  20404 transfer_out[427,17]                          1                       0
  20677 itb[16]                                     0.4                       0
  20678 itb[17]                                     4.5                       0
  20680 itb[19]                                     0.1                       0
  20681 ft[16]                                        1                       0
  20682 ft[17]                                        1                       0
  20683 ft[18]                                        1                       0
  20684 ft[19]                                        1                       0
